# Codigo de la linea; paradas
L1I;88;97;44;43;47;58;37;74;77;25;24;5;52;14;61;35;34;89;
L1R;89;84;83;90;16;17;53;26;3;4;36;73;96;95;46;102;42;62;45;100;
L2I;48;13;79;7;84;83;90;16;17;55;53;26;3;4;19;21;9;30;31;
L2R;31;8;33;20;25;24;5;54;2;51;15;81;82;80;48;
L3I;92;71;11;1;6;75;76;46;39;49;94;91;
L3R;91;85;98;93;50;39;5;2;10;71;92;
L4I;1;6;75;76;29;27;87;86;103;70;60;
L4R;60;70;88;63;65;64;77;25;5;1;
L5I;48;69;59;55;53;26;3;4;46;102;42;62;68;
L5R;67;91;104;72;85;57;56;98;41;44;43;47;99;24;5;54;28;101;18;78;13;
L6I;1;6;75;76;38;40;66;
L6R;66;32;39;12;22;33;20;23;25;24;5;1;